without constant eviction (0.072249~sleep[s])(core 4):
1.
19 19 19 19 19 20 20 20 20 20 20 20 20 20 20 20 20 20 20 20 20 20 20 20 20 20 20 20 20 20 20 20 20 20 20 20 20 20 20 20 20
21 21 21 21 22 22 22 22 22 22 22 22 22 22 22 22 22 22 22 22 22 22 22 22 22 23 23 23 23 23 29 29 30 30 30 30 31 31 31 32 32
32 32 32 32 32 32 33 33 34 36 175 176 177 177 178 179 180 181
2.
19 19 19 19 19 20 20 20 20 20 20 20 20 20 20 20 20 20 20 20 20 20 20 20 20 20 20 20 20 20 20 20 20 20 20 20 20 20 20 20 20
20 20 20 21 21 22 22 22 22 22 22 22 22 22 22 22 22 22 22 22 22 22 22 22 22 22 22 22 22 22 24 24 36 36 37 37 38 180 180 181
181 181 181 181 182 182 182 182 182 183 183 184 184 187 191 199 228 230 1956
3.
19 19 19 20 20 20 20 20 20 20 20 20 20 20 20 20 20 20 20 20 20 20 20 20 20 20 20 20 20 20 20 20 20 20 20 20 20 20 20 20 20
20 20 20 20 20 20 20 20 20 20 20 20 20 20 20 20 20 20 21 21 21 21 21 21 21 21 22 22 22 22 22 22 22 22 22 22 22 22 22 22 22
22 22 22 22 23 23 36 38 38 173 174 174 175 176 176 177 182 183
4.
19 19 19 20 20 20 20 20 20 20 20 20 20 20 20 20 20 20 20 20 20 20 20 20 20 20 20 20 20 20 20 20 20 20 20 20 20 20 21 21 21
21 21 21 21 21 22 22 22 22 22 22 22 22 22 22 22 22 22 22 22 22 22 22 22 23 23 23 23 172 173 173 173 174 174 174 174 174 174
174 175 175 175 175 176 176 176 176 176 177 179 184 190 194 195 200 200 226 318 437
5.
19 20 20 20 20 20 20 20 20 20 20 20 20 20 20 20 20 20 20 20 21 21 22 22 22 22 22 22 22 22 22 22 22 22 22 22 22 22 22 22 22
22 22 22 22 22 22 23 23 23 23 23 23 23 23 23 23 24 26 39 39 40 40 40 40 41 41 183 183 183 183 184 184 184 185 185 185 185
186 186 186 186 186 186 187 187 187 187 188 188 189 190 191 196 201 201 202 203 238 260


with:
1.
19 20 20 20 20 20 20 20 20 20 20 21 22 171 171 171 171 171 171 172 172 172 172 173 173 173 173 173 173 173 173 173 173 173 173
173 173 174 174 174 174 174 174 174 175 175 175 175 175 175 175 175 175 175 175 175 175 175 176 176 176 176 176 176 176 176 176
177 177 177 177 177 177 178 178 178 178 179 179 180 180 181 182 184 185 186 190 192 197 198 219 220 222 222 222 224 226 242 310 2083
2.
20 20 20 20 20 20 22 174 177 177 177 177 177 178 178 179 179 179 179 179 179 179 179 179 179 179 179 179 180 180 180 180 180 180
180 180 180 180 181 181 181 181 181 181 181 181 181 181 181 181 181 181 181 181 181 182 182 182 182 182 182 182 182 182 182 182
182 183 183 183 183 183 183 183 183 183 183 183 183 184 184 184 184 184 184 185 185 185 186 186 189 190 194 214 216 230 254 287 300 1952
3.
19 19 19 19 19 19 19 19 20 20 20 20 20 20 20 20 20 20 20 20 20 20 20 20 20 20 20 20 20 20 20 20 21 22 22 22 22 22 22 22 22 23 23
30 32 32 33 172 173 173 173 173 173 173 173 173 174 174 174 174 174 174 174 175 175 175 175 175 175 176 176 176 176 176 177 177 177
177 177 177 178 178 178 178 178 180 180 180 181 182 183 183 184 185 190 214 220 228 238 316
4.
22 34 174 174 175 175 176 176 176 177 177 177 177 177 177 177 177 177 177 178 178 178 178 178 178 178 178 178 178 178 178 179 179
179 179 179 179 179 179 179 179 180 180 180 180 180 180 180 180 180 180 181 181 181 181 181 182 182 182 182 182 182 182 183 183 183
183 184 184 184 184 185 186 187 187 187 194 198 198 198 199 199 201 204 210 214 214 214 225 226 226 228 230 230 233 246 246 248 298 369
5.
20 20 20 20 22 171 171 171 171 171 172 172 172 172 172 172 173 173 173 173 173 173 173 173 173 173 174 174 174 174 174 174 174 174
174 174 174 175 175 175 175 175 175 175 175 175 175 175 175 175 175 175 175 175 175 175 175 175 175 176 176 176 176 176 176 176 176
176 176 176 176 177 177 177 177 177 177 178 178 178 179 179 179 179 179 179 180 182 183 185 195 195 202 226 234 246 250 254 256 353 